waltz 2 5 0 2 11 29 35 19 3
ionic 2 4 0 2 13 25 28 21 11
enjoy 2 5 0 3 12 29 33 20 3
booze 2 4 0 1 7 27 38 23 4
hunky 2 5 0 1 11 33 25 22 7
buggy 2 4 0 1 9 29 34 22 5
wedge 2 4 0 2 11 32 37 17 2
sever 2 4 0 2 13 27 29 21 7
hutch 2 4 0 1 12 28 28 21 9
cacao 2 3 0 1 9 27 36 23 4
goose 2 4 0 2 2 28 32 21 5
canny 2 4 0 2 10 30 34 20 4
forgo 2 4 0 1 9 26 37 23 3
zesty 2 5 0 2 12 27 30 22 7
askew 2 5 0 3 13 29 32 19 4
oxide 2 5 0 2 11 30 33 21 4
foray 2 5 0 2 14 31 31 19 4
stove 2 5 0 5 16 24 27 21 6
epoxy 2 5 0 2 13 31 33 18 3
vivid 2 3 1 2 10 29 33 21 4
knoll 2 4 1 1 11 29 33 21 4
abbey 2 4 1 2 13 29 31 20 3
favor 2 5 1 4 15 26 29 21 4
gorge 2 4 1 3 13 27 30 22 4